21
birdR0000.pgm -1799.27 2446.32 -476.445 31119.2 2443.02 1804.81 -380.003 21457.2 -0.00707832 0.0126753 -0.999895 58.2572
birdR0001.pgm -94.7792 -3046.6 -485.062 32590 -2933.26 -124.896 907.615 29287.9 -0.420386 -0.0164712 -0.907196 58.644
birdR0002.pgm -333.496 3024.44 -387.03 30237.3 1843.46 -28.5708 -2428.43 7845.7 -0.706904 0.0226794 -0.706946 59.1061
birdR0003.pgm -2196.44 2108.36 -350.13 29616.3 1423.69 1193.16 -2417.38 8360.6 -0.555844 -0.429618 -0.711664 59.3958
birdR0004.pgm -3013.14 232.346 -442.331 31059.6 414.514 1830.25 -2382.48 7633.39 -0.13469 -0.682337 -0.718522 58.5923
birdR0005.pgm -2492.26 -1829.95 -365.056 30267.6 -945.355 1662.53 -2430.85 9350 0.343732 -0.613741 -0.710753 59.5233
birdR0006.pgm -585.5 -3059.64 -357.067 36669.8 -1756.48 550.66 -2524.4 16999 0.680157 -0.237477 -0.693535 60.9187
birdR0007.pgm 1293.12 -2756.87 -458.955 27722.6 -1796.55 -520.462 -2435.59 11341.4 0.660361 0.234501 -0.713395 58.9159
birdR0008.pgm 2786.75 -1209.12 -431.639 29446.2 -977.48 -1554.05 -2448.28 12016.4 0.344624 0.622806 -0.702386 59.3927 
birdR0009.pgm 2853.4 829.331 -454.218 28119.5 223.154 -1813.96 -2393.73 8196.29 -0.127544 0.693245 -0.709327 59.0133
birdR0010.pgm -1263.67 2785.7 -15.4664 32194.3 126.323 124.265 -3037.39 20555.8 -0.953085 -0.236231 -0.189274 62.7831
birdR0011.pgm -2511.58 1756.7 -72.0293 33616.9 105.055 160.926 -3027.54 18946.2 -0.704097 -0.682814 -0.194967 62.3681
birdR0012.pgm -2999.61 -588.708 -66.03 37412.1 -43.6705 185.125 -3044.78 21258.2 0.0139967 -0.98101 -0.193453 62.6864
birdR0013.pgm -2360.97 -2001.81 -4.89757 34515.4 -196.558 103.33 -3066.6 21970.3 0.472062 -0.857018 -0.206586 62.9446
birdR0014.pgm -1722.51 -2502.69 7.05257 33430.1 -213.599 46.0039 -3010.18 21251.8 0.690618 -0.69505 -0.19988 61.8767
birdR0015.pgm -1056.3 -2876.12 -172.27 32219.2 -120.743 142.125 -3045.28 22434.5 0.846132 -0.494588 -0.198602 62.0932
birdR0016.pgm 531.976 -2912.55 -90.6762 31075.5 -154.847 -26.8389 -2930.9 20915.7 0.978675 -0.0147181 -0.204887 59.7104
birdR0017.pgm 1246.52 -2767.26 -172.305 30126.5 -185.549 10.8018 -3020.29 20851.6 0.95029 0.232907 -0.206646 61.8596
birdR0018.pgm 1930.11 -2280.1 -86.6149 30362 -116.059 -95.6819 -2964.48 20882.1 0.852474 0.483085 -0.199794 60.4126
birdR0019.pgm 2930.17 -1016.92 -112.615 34673.1 -128.657 -288.29 -3078.1 11463.8 0.485049 0.840148 -0.24265 63.0264
birdR0020.pgm 178.76 2742.77 -96.1462 29930 62.5177 -11.0925 -2605.38 20040.9 -0.949013 0.253971 -0.186745 56.2846