10
birdR0010.pgm -1263.67 2785.7 -15.4664 32194.3 126.323 124.265 -3037.39 20555.8 -0.953085 -0.236231 -0.189274 62.7831
birdR0011.pgm -2511.58 1756.7 -72.0293 33616.9 105.055 160.926 -3027.54 18946.2 -0.704097 -0.682814 -0.194967 62.3681
birdR0012.pgm -2999.61 -588.708 -66.03 37412.1 -43.6705 185.125 -3044.78 21258.2 0.0139967 -0.98101 -0.193453 62.6864
birdR0013.pgm -2360.97 -2001.81 -4.89757 34515.4 -196.558 103.33 -3066.6 21970.3 0.472062 -0.857018 -0.206586 62.9446
birdR0014.pgm -1722.51 -2502.69 7.05257 33430.1 -213.599 46.0039 -3010.18 21251.8 0.690618 -0.69505 -0.19988 61.8767
birdR0015.pgm -1056.3 -2876.12 -172.27 32219.2 -120.743 142.125 -3045.28 22434.5 0.846132 -0.494588 -0.198602 62.0932
birdR0016.pgm 531.976 -2912.55 -90.6762 31075.5 -154.847 -26.8389 -2930.9 20915.7 0.978675 -0.0147181 -0.204887 59.7104
birdR0017.pgm 1246.52 -2767.26 -172.305 30126.5 -185.549 10.8018 -3020.29 20851.6 0.95029 0.232907 -0.206646 61.8596
birdR0018.pgm 1930.11 -2280.1 -86.6149 30362 -116.059 -95.6819 -2964.48 20882.1 0.852474 0.483085 -0.199794 60.4126
birdR0020.pgm 178.76 2742.77 -96.1462 29930 62.5177 -11.0925 -2605.38 20040.9 -0.949013 0.253971 -0.186745 56.2846
